4401,
00000000000010100000110000000000001100000000100000000010000100000001000000000
00000100000000000000001000000000100000000000000100100000000000000010000000000
00000000100000000000010000000000000100000000000000000100000000000000000000010
00001010000000000000000000000000000001000000000010000000000001000000000000100
00000000010010000000000000000010100100000000000000000000000000000100001000000
00000000001000001000000000000000000100000000000010000000100001100000000101000
01000000000001000000000000000000000000000000000000000000000000000000000000000
00000000000000001000000000101000000010000000000000000000000100101000000000000
00000000000100000000000000000000010000000000000000000000000000000000000000000
00000001001000000000010100000000010000000000100000000100000010000000000000000
00000001000000000000100000000000010000110000100000000000000000000000001000000
00001000001000000000000000000000000000000000000000000000000001110000000001000
00000000000000000001010000000000100001001000000000100010100001000000000000000
00000100000000000010000001000000000000000010000000010100000000100000000000100
01000000000000000000000000000000010000000000000011000000100001000001000000000
00000100000100000000000000000000001000000000000100000000001000010000000000001
00000000000100000000000010000000000100000000010000000000000010000000010000101
00010000001000010000001000000000000000000000000000000000000000100000001000001
00011001001000000000000000000000000000100000000110100000001000000000000000000
00000000000000000000010100000000000000000000000000000000000000000000000000000
00000000000000001000000000000000000100000000010000000000010000000100000010000
00000000000000000000000000011000000000000000000000000010000010000000000100000
00000000000000000000000000000000000001000000000110000000010000000100100000000
00001000010001000000110010000000000000000000000000000001000100000100000000100
00000000000000000010000100000100100000000001010000000000001100000000010000000
00010000010000100000000000000000000100000000000000000000000000100100000000000
00010000001000000000000000001001000010000000000011100000000000000000000001100
00000000010000000000100110000000000000000010010000000100000000100000001010000
00000000001000000100000101000100010000000100000000000000000000000000000000000
00000000000000000001000000000000000000000000000100000000000000000000000000000
00000000000000000010000000000000000000000000001000000000000000001000001000000
01000000000000000000000000000001001000000000001000000000100000100000010000001
00000010000000100100000000000000000000000000000000000000000000000000000000000
00000000000000000000000000001000000000100000000000000000000000001010000000000
00010010000010000000000010000000000000000010000001000000010000000000000000100
01000000100000000000001000000001100000010000000000000010100000000000000000000
00000000000000100000000000000000000001000001000000000000000000000000010000000
00000000100000000000100000000000000000001000001000000000000000000010000000000
00000000000000000000000000000000001000000000000000000000000010000100000000000
00000000001000000000100000000000010000000100000000000000000000000001000000000
00000010000000010000000010000000000100001001100001000000100001000000000000000
01000000010100000100000000000000000000000000000010000100110111000000000000000
00001010000000000000000000000000000000000000000001100000000000000000000100000
00000000000000000000000000000000000000000100000001000100010001000000000000010
