4401m
00000100110000000000001000100000100000000000000000000000000000010000000001000
10000000000000000000000000010000100000001010000000100100000000000010000000000
00100000100000000000000000001000001000000000100100000000000000010100000001000
00001000000001000000000000000000000000000000000000000100000000000100000010000
00000000001001000001101000000000000000000000000000000000000000000000001000000
01010000001001000000000000000000000000001000000000000100000000000100000000100
10000000110000000000000000000000000000000000000000000100000000000010000000001
10000000000000100001000001000001100000000000000010000000000001000100000000010
00010000000010001100000000000000000100000000000000000000000000000000000000010
00000010000000000000000100000000000000000000010000000000001000000000001000000
00000000010000000001000000000000000000000000000000000001000000000000000010000
01000000100000000010010001000000001000000000000000011100000000000000000000000
00010000000010000000000000000100000000001000000100000001000011000001000000000
01000000000000000000000000000000000000000000000000000000000000000000000000100
11000000000000000000000000000000000000000000000000000000000010000000001000000
00000100000000100100001001000000000000000000000000000000000000000000000000000
00000010001000000000100001000000001000000000001000000000000000000000000000000
00000000000000000000000000000000100000000000000000000000001100000100000000000
00100000000000000000000000000001000000000000000000010000000100001000100000000
00000010010000000000000000000100000000001000010000000000000000000000000000000
00000000000000000000000000001000000000000000000001000000000000000000000000000
00000000000000000000000000000000000000000000001000000100000000000000000000000
00000000001100000000000000000000000100100000100000100000100000000000000000000
00000000010000000000000000010000001000000001000100010000000000000000000000000
00000000000000000000000100000010000000001000010000000000000001000000100010000
00001000000000001000000000000000000001000000000000000000000000000001010000000
00000000000000000001000000000000000000000000010000000100000010000000000000000
00100000000000001000000000010000001000000000000000000000000000000000000000110
00000000000000000100000000000000000000000000001000000000100101000001000000010
00110000100000000010000000000000001001000000100000000010000000000000000000000
00100010100000001000000000000000000000000000000000100000000001000000000000000
00000000010000000011001001000000000100000000000000000001000000000010000001000
01000000001000000001000001000000000000000000000000000000000000100000000000100
00000001000000000000000000100000000001000000000000000000000000000000010000000
10010000000000000000000010000000000000000000000000000000000010000000000000001
00000100000000001000000100000000000000000000001000000000000001000000000000000
10000000010000000000000000000000000000001000000000000000000000000000000010001
00000000000000100000000000010000000000000000000000100010000100000000000010000
00000000010000010000000000000000000000011000000100100010000000000000000100000
10000000000000000000000000100000001000000100010000000000010000000010000000100
00000000100000000000000000000001000000000101010000000001000000000000000000000
00000000000000000100000000000000000010000000000000000001000000000000110010000
00001000100001000010000000000000000000000010000000000000000000010000000001000
00000010000000000001000000011000000010000000000000000000000100000001000101100
